7,0:
[0,256,32,34,32,256,32,34,64,256,32,34,96,256,32,34,128,256,32,34,160,256,32,34,192,256,32,34,192,222,32,34,224,222,32,34,256,222,32,34,288,222,32,34,288,256,32,34,320,256,32,34,320,222,32,34,384,256,32,34,352,222,32,34,352,256,32,34,384,222,32,34,416,222,32,34,416,256,32,34,448,222,32,34,448,256,32,34,480,222,32,34,480,256,32,34,480,324,32,34,480,358,32,34,448,324,32,34,448,358,32,34,416,324,32,34,416,358,32,34,384,324,32,34,384,358,32,34,352,324,32,34,352,358,32,34,320,324,32,34,320,358,32,34,288,324,32,34,288,358,32,34,256,358,32,34,224,358,32,34,192,358,32,34,192,324,32,34,160,324,32,34,160,358,32,34,160,392,32,34,192,392,32,34,192,426,32,34,160,426,32,34,96,426,32,34,64,426,32,34,96,392,32,34,64,392,32,34,96,358,32,34,64,358,32,34,96,324,32,34,64,324,32,34,32,324,32,34,0,324,32,34,0,358,32,34,32,358,32,34,32,392,32,34,0,392,32,34,0,426,32,34,32,426,32,34]
8,0:
[0,256,32,34,32,256,32,34,64,256,32,34,64,222,32,34,96,222,32,34,96,188,32,34,128,188,32,34,160,188,32,34,192,188,32,34,192,154,32,34,224,154,32,34,256,154,32,34,288,154,32,34,320,154,32,34,288,188,32,34,320,188,32,34,320,222,32,34,320,256,32,34,352,256,32,34,352,222,32,34,384,222,32,34,384,256,32,34,416,256,32,34,416,222,32,34,448,222,32,34,448,256,32,34,480,256,32,34,480,222,32,34,480,358,32,34,480,324,32,34,448,324,32,34,448,358,32,34,416,324,32,34,416,358,32,34,384,324,32,34,384,358,32,34,352,324,32,34,352,358,32,34,320,324,32,34,320,358,32,34,288,392,32,34,320,392,32,34,288,426,32,34,320,426,32,34,256,426,32,34,224,426,32,34,192,426,32,34,192,392,32,34,160,392,32,34,160,426,32,34,128,426,32,34,128,392,32,34,96,392,32,34,96,358,32,34,64,358,32,34,64,392,32,34,64,324,32,34,32,324,32,34,0,324,32,34,0,358,32,34,32,358,32,34,0,222,32,34,32,222,32,34,64,188,32,34,96,154,32,34,128,154,32,34,160,154,32,34,352,188,32,34]
9,0:
[0,256,32,34,0,222,32,34,0,188,32,34,32,188,32,34,64,188,32,34,96,188,32,34,96,154,32,34,128,154,32,34,160,154,32,34,192,154,32,34,224,154,32,34,256,154,32,34,288,154,32,34,320,154,32,34,352,154,32,34,384,154,32,34,416,154,32,34,416,188,32,34,448,188,32,34,448,222,32,34,480,222,32,34,480,256,32,34,480,290,32,34,480,324,32,34,480,358,32,34,448,358,32,34,448,392,32,34,416,392,32,34,416,426,32,34,384,426,32,34,352,426,32,34,320,426,32,34,288,426,32,34,256,426,32,34,224,426,32,34,192,426,32,34,160,426,32,34,128,426,32,34,96,426,32,34,96,392,32,34,64,392,32,34,32,392,32,34,0,392,32,34,0,358,32,34,0,324,32,34,0,426,32,34,32,426,32,34,64,426,32,34,64,154,32,34,32,154,32,34,0,154,32,34,128,290,32,34,160,256,32,34,192,222,32,34,192,290,32,34,160,324,32,34,192,358,32,34,256,290,32,34,320,290,32,34,384,290,32,34]
10,0:
[32,154,32,34,64,120,32,34,32,120,32,34,96,120,32,34,96,154,32,34,128,154,32,34,128,120,32,34,160,120,32,34,160,154,32,34,192,120,32,34,192,154,32,34,224,120,32,34,256,154,32,34,224,154,32,34,256,120,32,34,288,154,32,34,288,120,32,34,320,120,32,34,320,154,32,34,352,120,32,34,352,154,32,34,384,120,32,34,384,154,32,34,416,120,32,34,416,154,32,34,448,120,32,34,448,154,32,34,448,188,32,34,480,120,32,34,480,154,32,34,480,188,32,34,480,222,32,34,480,256,32,34,480,324,32,34,480,290,32,34,480,358,32,34,480,392,32,34,448,392,32,34,480,426,32,34,448,426,32,34,384,426,32,34,352,426,32,34,320,426,32,34,288,426,32,34,256,426,32,34,224,426,32,34,160,426,32,34,128,426,32,34,96,426,32,34,64,426,32,34,32,426,32,34,32,392,32,34,0,426,32,34,0,392,32,34,0,358,32,34,0,324,32,34,0,290,32,34,0,256,32,34,0,222,32,34,0,188,32,34,32,188,32,34,0,154,32,34,0,120,32,34,192,426,32,34,192,392,32,34,192,358,32,34]
11,0:
[64,188,32,34,64,154,32,34,96,154,32,34,128,154,32,34,160,154,32,34,192,154,32,34,224,154,32,34,256,154,32,34,288,154,32,34,320,154,32,34,352,154,32,34,384,154,32,34,384,120,32,34,416,120,32,34,416,154,32,34,448,154,32,34,448,188,32,34,480,188,32,34,480,222,32,34,480,256,32,34,480,290,32,34,480,324,32,34,480,358,32,34,480,392,32,34,448,392,32,34,480,426,32,34,448,426,32,34,416,426,32,34,384,426,32,34,352,426,32,34,320,426,32,34,288,426,32,34,256,426,32,34,192,426,32,34,160,426,32,34,128,426,32,34,96,426,32,34,64,426,32,34,64,392,32,34,32,426,32,34,32,392,32,34,32,358,32,34,0,426,32,34,0,392,32,34,0,358,32,34,0,324,32,34,0,290,32,34,0,256,32,34,0,222,32,34,32,222,32,34,32,188,32,34,32,154,32,34,192,256,32,34,192,222,32,34,224,222,32,34,256,222,32,34,256,256,32,34]
12,0:
[192,324,32,34,192,358,32,34,192,392,32,34,192,426,32,34,224,426,32,34,224,392,32,34,256,426,32,34,288,426,32,34,320,426,32,34,352,426,32,34,384,426,32,34,384,392,32,34,416,358,32,34,384,358,32,34,416,392,32,34,416,426,32,34,448,426,32,34,448,392,32,34,480,426,32,34,128,426,32,34,96,426,32,34,128,392,32,34,96,392,32,34,128,358,32,34,96,358,32,34,128,324,32,34,96,324,32,34,128,290,32,34,96,290,32,34,96,256,32,34,128,256,32,34,128,222,32,34,96,222,32,34,128,188,32,34,96,188,32,34,128,154,32,34,96,154,32,34,96,120,32,34,128,120,32,34,160,120,32,34,192,120,32,34,224,120,32,34,256,120,32,34,288,120,32,34,320,120,32,34,352,120,32,34,384,120,32,34,416,120,32,34,448,120,32,34,480,120,32,34,480,154,32,34,448,154,32,34,416,154,32,34,384,154,32,34,352,154,32,34,320,154,32,34,288,154,32,34,224,154,32,34,192,154,32,34,160,154,32,34,160,188,32,34,192,188,32,34,224,188,32,34,192,222,32,34,160,222,32,34,160,256,32,34,192,256,32,34,384,222,32,34,384,188,32,34,416,188,32,34,416,222,32,34,448,188,32,34]
13,0:
[0,154,32,34,32,154,32,34,64,154,32,34,96,154,32,34,128,154,32,34,160,154,32,34,192,154,32,34,224,154,32,34,256,154,32,34,288,154,32,34,320,154,32,34,352,154,32,34,384,154,32,34,416,154,32,34,448,154,32,34,480,154,32,34,480,188,32,34,480,222,32,34,480,256,32,34,480,290,32,34,480,324,32,34,480,358,32,34,480,392,32,34,480,426,32,34,448,426,32,34,384,426,32,34,352,426,32,34,320,426,32,34,288,426,32,34,256,426,32,34,224,426,32,34,192,426,32,34,160,426,32,34,160,392,32,34,128,392,32,34,128,426,32,34,96,426,32,34,64,426,32,34,32,426,32,34,0,426,32,34,64,392,32,34,96,392,32,34,96,358,32,34,128,358,32,34,96,222,32,34,128,222,32,34,128,188,32,34,160,188,32,34,96,188,32,34,64,188,32,34,320,188,32,34,352,188,32,34,352,222,32,34,384,256,32,34,416,256,32,34,448,290,32,34,448,256,32,34,448,222,32,34,448,188,32,34,416,188,32,34,384,188,32,34,416,222,32,34,384,222,32,34,448,392,32,34,0,120,32,34,32,120,32,34,64,120,32,34,96,120,32,34,128,120,32,34,160,120,32,34,192,120,32,34,224,120,32,34,256,120,32,34,288,120,32,34,320,120,32,34,352,120,32,34,384,120,32,34,416,120,32,34,448,120,32,34,480,120,32,34]
14,0:
[0,222,32,34,32,222,32,34,64,222,32,34,96,222,32,34,128,222,32,34,160,222,32,34,192,222,32,34,224,222,32,34,256,222,32,34,288,222,32,34,288,256,32,34,256,256,32,34,224,256,32,34,192,256,32,34,128,256,32,34,96,256,32,34,64,256,32,34,32,256,32,34,0,256,32,34,0,290,32,34,32,290,32,34,96,290,32,34,64,290,32,34,128,290,32,34,192,290,32,34,224,290,32,34,256,290,32,34,288,290,32,34,288,324,32,34,256,324,32,34,224,324,32,34,192,324,32,34,128,324,32,34,96,324,32,34,64,324,32,34,32,324,32,34,0,324,32,34,0,358,32,34,32,358,32,34,64,358,32,34,96,358,32,34,128,358,32,34,192,358,32,34,224,358,32,34,256,358,32,34,288,358,32,34,288,392,32,34,256,392,32,34,224,392,32,34,192,392,32,34,128,392,32,34,96,392,32,34,64,392,32,34,32,392,32,34,0,392,32,34,0,426,32,34,32,426,32,34,64,426,32,34,96,426,32,34,128,426,32,34,192,426,32,34,224,426,32,34,256,426,32,34,288,426,32,34,0,188,32,34,32,188,32,34,64,188,32,34,96,188,32,34,128,188,32,34,160,188,32,34,192,188,32,34,224,188,32,34,256,188,32,34,288,188,32,34,320,188,32,34,320,222,32,34,320,256,32,34,320,290,32,34,320,324,32,34,320,358,32,34,320,392,32,34,320,426,32,34]
15,0:
[128,222,32,34,160,222,32,34,160,256,32,34,128,256,32,34,224,256,32,34,224,222,32,34,256,222,32,34,288,222,32,34,288,256,32,34,352,256,32,34,352,222,32,34,384,222,32,34,384,256,32,34,32,154,32,34,32,188,32,34,32,222,32,34,32,256,32,34,32,290,32,34,32,324,32,34,32,358,32,34,32,392,32,34,32,426,32,34,64,426,32,34,96,426,32,34,160,426,32,34,128,426,32,34,192,426,32,34,224,426,32,34,288,426,32,34,320,426,32,34,352,426,32,34,384,426,32,34,416,426,32,34,448,426,32,34,448,392,32,34,448,358,32,34,448,324,32,34,448,290,32,34,448,256,32,34,448,222,32,34,448,188,32,34,448,154,32,34,448,120,32,34,416,120,32,34,416,154,32,34,384,120,32,34,384,154,32,34,352,120,32,34,352,154,32,34,320,120,32,34,320,154,32,34,288,120,32,34,288,154,32,34,256,120,32,34,256,154,32,34,224,120,32,34,224,154,32,34,192,120,32,34,192,154,32,34,160,120,32,34,160,154,32,34,128,120,32,34,128,154,32,34,96,120,32,34,96,154,32,34,64,120,32,34,64,154,32,34,32,120,32,34]
0,1:
[192,120,32,34,192,154,32,34,160,120,32,34,160,154,32,34,128,120,32,34,128,154,32,34,96,120,32,34,96,154,32,34,64,120,32,34,64,154,32,34,32,120,32,34,32,154,32,34,0,120,32,34,0,154,32,34,256,120,32,34,256,154,32,34,288,120,32,34,288,154,32,34,320,120,32,34,320,154,32,34,352,120,32,34,352,154,32,34,384,120,32,34,384,154,32,34,416,120,32,34,416,154,32,34,448,120,32,34,448,154,32,34,480,120,32,34,480,154,32,34,64,188,32,34,32,222,32,34,0,256,32,34,0,290,32,34,0,324,32,34,0,358,32,34,32,358,32,34,32,392,32,34,64,392,32,34,64,426,32,34,96,426,32,34,128,426,32,34,160,426,32,34,192,426,32,34,224,426,32,34,256,426,32,34,288,426,32,34,320,426,32,34,352,426,32,34,384,426,32,34,416,426,32,34,448,426,32,34,480,426,32,34,0,392,32,34,0,426,32,34,32,426,32,34,0,222,32,34,32,188,32,34,0,188,32,34,128,222,32,34,128,290,32,34,128,358,32,34,192,324,32,34,192,256,32,34,256,290,32,34,352,222,32,34,384,222,32,34,352,256,32,34,384,256,32,34,384,324,32,34,416,324,32,34,384,358,32,34,416,358,32,34,480,222,32,34,480,256,32,34]
1,1:
[0,120,32,34,32,120,32,34,64,120,32,34,96,120,32,34,128,120,32,34,160,120,32,34,192,120,32,34,192,154,32,34,160,154,32,34,128,154,32,34,96,154,32,34,64,154,32,34,32,154,32,34,0,154,32,34,256,120,32,34,256,154,32,34,288,120,32,34,288,154,32,34,320,120,32,34,320,154,32,34,352,120,32,34,352,154,32,34,384,120,32,34,384,154,32,34,416,120,32,34,416,154,32,34,448,120,32,34,448,154,32,34,480,120,32,34,480,154,32,34,480,188,32,34,448,188,32,34,480,222,32,34,480,256,32,34,480,290,32,34,480,324,32,34,480,358,32,34,480,392,32,34,448,392,32,34,480,426,32,34,448,426,32,34,416,426,32,34,384,426,32,34,352,426,32,34,320,426,32,34,288,426,32,34,256,426,32,34,224,426,32,34,192,426,32,34,160,426,32,34,128,426,32,34,96,426,32,34,64,426,32,34,32,426,32,34,0,426,32,34,256,290,32,34,320,324,32,34,384,358,32,34,384,290,32,34,320,256,32,34,384,222,32,34,96,222,32,34,128,222,32,34,128,256,32,34,96,256,32,34,96,324,32,34,64,324,32,34,64,358,32,34,96,358,32,34,0,256,32,34,0,222,32,34]
2,1:
[64,120,32,34,64,154,32,34,32,120,32,34,64,188,32,34,32,154,32,34,32,188,32,34,0,120,32,34,0,154,32,34,0,188,32,34,32,222,32,34,64,222,32,34,0,222,32,34,0,256,32,34,32,256,32,34,64,256,32,34,32,290,32,34,0,290,32,34,0,324,32,34,0,358,32,34,0,392,32,34,32,392,32,34,0,426,32,34,32,426,32,34,64,426,32,34,96,426,32,34,128,426,32,34,160,426,32,34,192,426,32,34,224,426,32,34,288,426,32,34,256,426,32,34,320,426,32,34,352,426,32,34,416,426,32,34,384,426,32,34,448,426,32,34,480,426,32,34,448,358,32,34,416,358,32,34,416,324,32,34,448,324,32,34,352,324,32,34,320,324,32,34,320,358,32,34,352,358,32,34,288,256,32,34,320,256,32,34,320,222,32,34,288,222,32,34,384,222,32,34,416,222,32,34,384,256,32,34,416,256,32,34,480,222,32,34,480,256,32,34,128,256,32,34,160,256,32,34,128,222,32,34,160,222,32,34,160,188,32,34,128,188,32,34,128,154,32,34,128,120,32,34,160,120,32,34,160,154,32,34,192,222,32,34,192,188,32,34,192,154,32,34,192,120,32,34,224,120,32,34,224,154,32,34,224,188,32,34,256,154,32,34,256,120,32,34,288,120,32,34,288,154,32,34,320,120,32,34,320,154,32,34,352,120,32,34,352,154,32,34,384,120,32,34,384,154,32,34,416,120,32,34,416,154,32,34,448,120,32,34,448,154,32,34,480,120,32,34,480,154,32,34]
3,1:
[64,120,32,34,64,154,32,34,32,120,32,34,64,188,32,34,32,154,32,34,32,188,32,34,0,120,32,34,0,154,32,34,0,188,32,34,32,222,32,34,64,222,32,34,0,222,32,34,0,256,32,34,32,256,32,34,64,256,32,34,32,290,32,34,0,290,32,34,0,324,32,34,0,358,32,34,0,392,32,34,32,392,32,34,0,426,32,34,32,426,32,34,64,426,32,34,96,426,32,34,128,426,32,34,160,426,32,34,192,426,32,34,224,426,32,34,288,426,32,34,256,426,32,34,320,426,32,34,352,426,32,34,416,426,32,34,384,426,32,34,448,426,32,34,480,426,32,34,448,358,32,34,416,358,32,34,416,324,32,34,448,324,32,34,352,324,32,34,320,324,32,34,320,358,32,34,352,358,32,34,288,256,32,34,320,256,32,34,320,222,32,34,288,222,32,34,384,222,32,34,416,222,32,34,384,256,32,34,416,256,32,34,480,222,32,34,480,256,32,34,128,256,32,34,160,256,32,34,128,222,32,34,160,222,32,34,160,188,32,34,128,188,32,34,128,154,32,34,128,120,32,34,160,120,32,34,160,154,32,34,192,222,32,34,192,188,32,34,192,154,32,34,192,120,32,34,224,120,32,34,224,154,32,34,224,188,32,34,256,154,32,34,256,120,32,34,288,120,32,34,288,154,32,34,320,120,32,34,320,154,32,34,352,120,32,34,352,154,32,34,384,120,32,34,384,154,32,34,416,120,32,34,416,154,32,34,448,120,32,34,448,154,32,34,480,120,32,34,480,154,32,34]
4,1:
[0,120,32,34,0,154,32,34,32,120,32,34,32,154,32,34,64,120,32,34,64,154,32,34,128,120,32,34,96,154,32,34,96,120,32,34,128,154,32,34,160,120,32,34,160,154,32,34,192,120,32,34,192,154,32,34,224,120,32,34,224,154,32,34,256,120,32,34,256,154,32,34,288,120,32,34,288,154,32,34,320,120,32,34,320,154,32,34,352,120,32,34,352,154,32,34,384,120,32,34,384,154,32,34,416,120,32,34,416,154,32,34,448,120,32,34,448,154,32,34,448,188,32,34,480,120,32,34,480,154,32,34,480,188,32,34,480,222,32,34,480,256,32,34,480,426,32,34,448,426,32,34,416,426,32,34,384,426,32,34,352,426,32,34,288,426,32,34,256,426,32,34,224,426,32,34,192,426,32,34,160,426,32,34,128,426,32,34,96,426,32,34,64,426,32,34,32,426,32,34,0,426,32,34]
5,1:
[0,256,32,34,0,222,32,34,32,222,32,34,32,256,32,34,32,290,32,34,64,290,32,34,64,256,32,34,64,222,32,34,96,222,32,34,96,256,32,34,128,256,32,34,128,222,32,34,160,222,32,34,160,256,32,34,160,290,32,34,192,290,32,34,192,256,32,34,192,222,32,34,224,222,32,34,224,256,32,34,224,188,32,34,224,154,32,34,224,120,32,34,256,120,32,34,256,154,32,34,288,120,32,34,288,154,32,34,320,120,32,34,320,154,32,34,320,188,32,34,352,188,32,34,352,154,32,34,352,120,32,34,384,120,32,34,384,154,32,34,416,154,32,34,416,120,32,34,448,120,32,34,448,154,32,34,448,188,32,34,480,188,32,34,480,154,32,34,480,120,32,34,480,392,32,34,448,392,32,34,480,426,32,34,448,426,32,34,384,426,32,34,352,426,32,34,352,392,32,34,320,392,32,34,320,426,32,34,288,426,32,34,256,426,32,34,224,426,32,34,192,426,32,34,192,392,32,34,160,392,32,34,160,426,32,34,128,426,32,34,64,426,32,34,64,392,32,34,32,392,32,34,32,426,32,34,0,426,32,34]
6,1:
[0,154,32,34,0,188,32,34,32,188,32,34,32,154,32,34,64,154,32,34,64,120,32,34,96,120,32,34,96,154,32,34,128,154,32,34,128,188,32,34,160,188,32,34,160,154,32,34,192,154,32,34,192,120,32,34,224,120,32,34,224,154,32,34,160,120,32,34,128,120,32,34,32,120,32,34,0,120,32,34,256,154,32,34,256,188,32,34,256,222,32,34,256,256,32,34,288,256,32,34,320,256,32,34,352,256,32,34,384,256,32,34,384,222,32,34,416,222,32,34,416,188,32,34,448,188,32,34,448,154,32,34,480,154,32,34,480,120,32,34,448,120,32,34,416,154,32,34,384,188,32,34,352,222,32,34,320,222,32,34,288,222,32,34,288,188,32,34,320,188,32,34,352,188,32,34,384,154,32,34,416,120,32,34,384,120,32,34,352,154,32,34,320,154,32,34,352,120,32,34,320,120,32,34,288,154,32,34,288,120,32,34,256,120,32,34,352,324,32,34,384,324,32,34,352,358,32,34,384,358,32,34,416,358,32,34,416,392,32,34,448,392,32,34,448,426,32,34,480,426,32,34,416,426,32,34,384,392,32,34,384,426,32,34,352,392,32,34,352,426,32,34,320,426,32,34,288,426,32,34,256,426,32,34,224,426,32,34,192,426,32,34,160,426,32,34,160,392,32,34,128,392,32,34,128,426,32,34,96,426,32,34,64,426,32,34,32,426,32,34,32,392,32,34,0,392,32,34,0,426,32,34]
7,1:
[0,120,32,34,0,154,32,34,32,120,32,34,32,154,32,34,96,120,32,34,64,154,32,34,64,120,32,34,96,154,32,34,96,188,32,34,64,188,32,34,96,222,32,34,96,256,32,34,160,256,32,34,160,222,32,34,160,188,32,34,160,154,32,34,160,120,32,34,192,120,32,34,192,222,32,34,224,222,32,34,256,222,32,34,288,222,32,34,320,222,32,34,352,222,32,34,384,222,32,34,416,222,32,34,448,222,32,34,480,222,32,34,480,188,32,34,448,188,32,34,416,188,32,34,384,188,32,34,352,188,32,34,320,188,32,34,288,188,32,34,256,188,32,34,224,188,32,34,192,188,32,34,192,154,32,34,256,154,32,34,224,120,32,34,224,154,32,34,256,120,32,34,288,154,32,34,288,120,32,34,320,154,32,34,320,120,32,34,352,154,32,34,352,120,32,34,384,154,32,34,384,120,32,34,416,154,32,34,416,120,32,34,448,154,32,34,448,120,32,34,480,154,32,34,480,120,32,34,352,426,32,34,384,426,32,34,416,426,32,34,448,426,32,34,480,426,32,34,160,426,32,34,128,426,32,34,96,426,32,34,64,426,32,34,32,426,32,34,0,426,32,34]
8,1:
[0,222,32,34,32,222,32,34,64,222,32,34,96,222,32,34,128,222,32,34,160,222,32,34,192,222,32,34,224,222,32,34,288,222,32,34,256,222,32,34,320,222,32,34,352,222,32,34,384,222,32,34,416,222,32,34,448,222,32,34,480,222,32,34,480,256,32,34,448,256,32,34,416,256,32,34,384,256,32,34,352,256,32,34,320,256,32,34,288,256,32,34,256,256,32,34,224,256,32,34,192,256,32,34,160,256,32,34,128,256,32,34,96,256,32,34,64,256,32,34,32,256,32,34,0,256,32,34,256,358,32,34,288,358,32,34,320,358,32,34,352,358,32,34,384,358,32,34,416,358,32,34,448,358,32,34,480,358,32,34,256,392,32,34,288,392,32,34,320,392,32,34,352,392,32,34,384,392,32,34,416,392,32,34,448,392,32,34,480,392,32,34,256,426,32,34,224,426,32,34,192,426,32,34,160,426,32,34,128,426,32,34,96,426,32,34,64,426,32,34,32,426,32,34,0,426,32,34,288,426,32,34,320,426,32,34,352,426,32,34,384,426,32,34,416,426,32,34,448,426,32,34,480,426,32,34]
9,1:
[0,222,32,34,0,188,32,34,0,256,32,34,32,256,32,34,32,222,32,34,64,256,32,34,96,222,32,34,64,222,32,34,96,256,32,34,128,222,32,34,128,256,32,34,160,222,32,34,192,256,32,34,192,222,32,34,160,256,32,34,224,256,32,34,224,222,32,34,256,222,32,34,256,256,32,34,288,222,32,34,288,256,32,34,320,222,32,34,320,256,32,34,352,222,32,34,352,256,32,34,384,222,32,34,384,256,32,34,416,222,32,34,416,256,32,34,448,256,32,34,448,222,32,34,480,256,32,34,480,222,32,34,480,358,32,34,480,392,32,34,448,358,32,34,448,392,32,34,416,358,32,34,416,392,32,34,384,358,32,34,384,392,32,34,352,358,32,34,352,392,32,34,320,358,32,34,320,392,32,34,288,358,32,34,288,392,32,34,256,358,32,34,256,392,32,34,224,358,32,34,224,392,32,34,192,358,32,34,192,392,32,34,160,358,32,34,160,392,32,34,128,358,32,34,128,392,32,34,96,358,32,34,96,392,32,34,64,358,32,34,64,392,32,34,32,358,32,34,32,392,32,34,0,358,32,34,0,392,32,34]
10,1:
[0,222,32,34,0,256,32,34,32,222,32,34,32,256,32,34,64,222,32,34,64,256,32,34,96,222,32,34,96,256,32,34,128,222,32,34,160,222,32,34,128,256,32,34,160,256,32,34,192,222,32,34,224,256,32,34,224,222,32,34,192,256,32,34,256,222,32,34,256,256,32,34,288,222,32,34,288,256,32,34,320,222,32,34,320,256,32,34,352,222,32,34,352,256,32,34,384,222,32,34,384,256,32,34,448,222,32,34,448,256,32,34,480,222,32,34,480,256,32,34,480,324,32,34,480,358,32,34,480,392,32,34,480,426,32,34,448,426,32,34,416,426,32,34,384,426,32,34,352,426,32,34,320,426,32,34,288,426,32,34,256,426,32,34,224,426,32,34,192,426,32,34,192,392,32,34,192,358,32,34,160,358,32,34,128,358,32,34,96,358,32,34,64,358,32,34,32,358,32,34,0,358,32,34,0,392,32,34,32,392,32,34,64,392,32,34,96,392,32,34,128,392,32,34,160,392,32,34,160,426,32,34,96,426,32,34,128,426,32,34,64,426,32,34,32,426,32,34,0,426,32,34,448,188,32,34,448,154,32,34,448,120,32,34,384,120,32,34,384,154,32,34,384,188,32,34,352,188,32,34,352,154,32,34,352,120,32,34,480,120,32,34,480,154,32,34,480,188,32,34]
11,1:


[
  {
    "name": "Frame-1",
    "x": 0,
    "y": 0,
    "w": 520,
    "h": 473
  }
]